Alineandose
47 43   -100  100 12
Alineandose
47 45   -100  100 74
Alineandose
47 47   -100  100 137
Alineandose
47 38   -100  100 198
Alineandose
46 48   100  -100 261
Alineandose
46 49   100  -100 324
Alineandose
46 48   100  -100 387
Alineandose
46 47   100  -100 449
Alineandose
46 47   100  -100 513
Alineandose
47 47   100  -100 575
Alineandose
47 45   -100  100 637
Alineandose
48 47   -100  100 700
Alineandose
48 47   -100  100 763
Alineandose
48 47   -100  100 826
Alineandose
47 48   100  -100 889
Alineandose
47 45   -100  100 952
Alineandose
47 47   -100  100 1014
Alineandose
47 47 1077
Esperando dato
Recibida la distancia 30
1128
0 47 47 0  100 1190
0 47 47 0  100 1254
0 46 47 0  100 1316
6 46 47 -180  -180 1379
6 45 48 -180  -180 1442
11 45 48 100  0 1505
11 45 47 100  0 1568
9 45 47 100  0 1631
9 46 46 100  0 1693
0 46 46 0  100 1756
0 46 46 0  100 1819
0 46 45 0  100 1882
-6 46 46 0  100 1944
0 46 46 0  100 2007
0 46 47 0  100 2070
6 45 46 -180  -180 2132
6 45 46 -180  -180 2195
6 44 47 -180  -180 2257
11 44 46 100  0 2321
9 44 47 100  0 2383
11 44 46 100  0 2446
9 44 45 100  0 2508
6 44 45 -180  -180 2571
6 45 45 -180  -180 2633
0 45 44 0  100 2696
-6 45 43 0  100 2757
-9 45 43 0  100 2820
-9 45 45 0  100 2883
0 45 45 0  100 2946
0 44 45 0  100 3007
6 44 45 -180  -180 3069
6 44 45 -180  -180 3132
6 43 45 -180  -180 3194
9 43 46 100  0 3257
11 43 45 100  0 3319
9 43 44 100  0 3382
6 43 43 -180  -180 3443
0 44 44 0  100 3506
0 44 44 0  100 3568
0 44 43 0  100 3630
-6 44 44 0  100 3692
0 44 45 0  100 3755
6 43 44 -180  -180 3817
6 43 44 -180  -180 3879
6 43 44 -180  -180 3941
6 43 43 -180  -180 4003
0 43 43 0  100 4066
0 42 44 0  100 4127
9 42 43 100  0 4190
6 42 43 -180  -180 4251
6 42 43 -180  -180 4314
6 42 43 -180  -180 4375
6 43 43 -180  -180 4438
0 41 44 0  100 4499
11 41 42 100  0 4560
6 41 42 -180  -180 4623
6 41 42 -180  -180 4684
6 40 41 -180  -180 4746
6 40 41 -180  -180 4807
6 40 40 -180  -180 4869
0 40 41 0  100 4930
6 40 42 -180  -180 4992
9 39 40 100  0 5053
6 39 40 -180  -180 5114
6 39 40 -180  -180 5175
6 39 40 -180  -180 5236
6 39 40 -180  -180 5298
6 39 40 -180  -180 5359
6 39 39 -180  -180 5420
0 38 40 0  100 5481
9 38 39 100  0 5542
6 38 39 -180  -180 5603
6 38 39 -180  -180 5664
6 38 39 -180  -180 5725
6 38 38 -180  -180 5786
0 38 39 0  100 5847
6 38 38 -180  -180 5908
0 38 38 0  100 5968
0 37 38 0  100 6029
6 37 38 -180  -180 6090
6 37 38 -180  -180 6151
6 37 38 -180  -180 6212
6 37 38 -180  -180 6273
6 36 37 -180  -180 6333
6 37 37 -180  -180 6393
0 37 37 0  100 6455
0 37 37 0  100 6515
0 36 36 0  100 6576
0 35 36 0  100 6635
6 35 36 -180  -180 6695
6 34 37 -180  -180 6756
11 34 37 100  0 6816
11 34 35 100  0 6877
6 33 36 -180  -180 6937
11 33 36 100  0 6996
11 33 35 100  0 7057
9 33 35 100  0 7116
9 33 35 100  0 7177
9 33 34 100  0 7236
6 34 34 -180  -180 7297
0 34 31 0  100 7356
-11 34 34 0  100 7416
0 34 32 0  100 7476
-9 34 31 0  100 7535
-11 34 33 0  100 7596
-6 33 33 0  100 7655
0 33 33 0  100 7715
0 32 33 0  100 7775
6 32 34 -180  -180 7834
9 31 33 100  0 7894
9 31 34 100  0 7953
11 31 33 100  0 8013
9 31 33 100  0 8073
9 31 33 100  0 8132
9 31 32 100  0 8192
6 32 32 -180  -180 8251
0 33 29 0  100 8310
-12 34 33 0  100 8370
-6 34 32 0  100 8430
-9 34 34 0  100 8489
0 34 34 0  100 8550
0 34 33 0  100 8609
-6 33 30 0  100 8669
-11 33 32 0  100 8728
-6 32 34 0  100 8788
9 32 34 100  0 8848
9 31 34 100  0 8907
11 31 34 100  0 8967
11 31 34 100  0 9026
11 31 33 100  0 9086
9 31 33 100  0 9146
9 32 33 100  0 9205
6 33 29 -180  -180 9265
-12 34 33 0  100 9324
-6 34 32 0  100 9384
-9 34 32 0  100 9444
-9 34 32 0  100 9504
-9 33 32 0  100 9564
-6 34 32 0  100 9623
-9 33 30 0  100 9682
-11 33 32 0  100 9743
-6 32 32 0  100 9802
0 31 32 0  100 9862
6 31 33 -180  -180 9921
9 30 33 100  0 9980
11 30 33 100  0 10040
11 30 33 100  0 10099
11 30 32 100  0 10159
9 30 32 100  0 10218
9 30 32 100  0 10277
9 30 31 100  0 10336
6 30 31 -180  -180 10395
6 31 29 -180  -180 10455
-9 31 31 0  100 10514
0 31 32 0  100 10573
6 32 31 -180  -180 10633
-6 32 31 0  100 10692
-6 32 31 0  100 10752
-6 31 31 0  100 10811
0 31 30 0  100 10870
-6 31 31 -180  -180 10930
0 31 31 0  100 10988
0 31 31 0  100 11047
0 30 31 0  100 11107
6 30 31 -180  -180 11166
6 30 31 -180  -180 11225
6 29 31 -180  -180 11284
9 29 31 100  0 11343
9 29 30 100  0 11402
6 29 30 100  0 11461
6 29 30 100  0 11520
6 29 30 100  0 11579
6 29 30 100  0 11637
6 30 29 100  0 11697
-6 30 30 12755
Alineandose
32 30   -100  100 12815
Alineandose
32 30   -100  100 12874
Alineandose
32 30   -100  100 12934
Alineandose
32 30   -100  100 12992
Alineandose
32 30   -100  100 13051
Alineandose
31 30   -100  100 13111
Alineandose
30 30   -100  100 13170
Alineandose
30 30   -100  100 13229
Alineandose
30 30   100  -100 13288
Alineandose
29 30   100  -100 13346
Alineandose
29 30   100  -100 13406
Alineandose
29 30   100  -100 13464
Alineandose
30 30   -100  100 13523
Alineandose
31 30   -100  100 13582
Alineandose
31 30   -100  100 13641
Alineandose
31 30   -100  100 13701
Alineandose
31 30   -100  100 13759
Alineandose
30 30   -100  100 13818
Alineandose
30 30   100  -100 13877
Alineandose
29 30   100  -100 13936
Alineandose
29 30   100  -100 13995
Alineandose
30 30   100  -100 14054
Alineandose
29 30   100  -100 14112
Alineandose
30 30   -100  100 14172
Alineandose
31 30   -100  100 14230
Alineandose
31 30   -100  100 14289
Alineandose
31 30   -100  100 14349
Alineandose
30 30   -100  100 14407
Alineandose
30 30   -100  100 14467
Alineandose
30 30   100  -100 14525
Alineandose
29 30   100  -100 14584
Alineandose
29 30   100  -100 14643
Alineandose
29 30   100  -100 14702
Alineandose
29 30   100  -100 14760
Alineandose
30 30   100  -100 14820
Alineandose
30 30   -100  100 14878
Alineandose
31 30   -100  100 14938
Alineandose
31 30   -100  100 14996
Alineandose
31 30   -100  100 15055
Alineandose
30 30   -100  100 15115
Alineandose
30 29   -100  100 15173
Alineandose
30 30   100  -100 15233
Alineandose
29 30   100  -100 15291
Alineandose
30 30   100  -100 15350
Alineandose
30 30   100  -100 15409
Alineandose
30 30 15468
Esperando dato
Recibida la distancia 40
15518
0 30 30 0  100 15578
0 30 30 100  0 15636
0 30 30 100  0 15695
0 30 30 100  0 15755
0 31 30 100  0 15813
-6 32 30 -180  -180 15873
-9 32 30 0  100 15932
-9 32 30 0  100 15991
-9 32 30 0  100 16051
-9 32 30 0  100 16110
-9 32 31 0  100 16169
-6 31 30 -180  -180 16229
-6 31 30 -180  -180 16288
-6 31 30 -180  -180 16348
-6 30 30 -180  -180 16406
0 31 30 100  0 16465
-6 31 30 -180  -180 16525
-6 31 30 -180  -180 16584
-6 31 30 -180  -180 16644
-6 30 30 -180  -180 16702
0 30 28 100  0 16761
-9 30 28 0  100 16820
-9 31 30 0  100 16879
-6 31 30 -180  -180 16939
-6 31 27 -180  -180 16997
-12 31 27 0  100 17056
-12 30 29 0  100 17115
-6 30 31 -180  -180 17174
6 30 31 100  0 17233
6 30 30 100  0 17293
0 30 31 100  0 17352
6 31 29 100  0 17411
-9 31 29 0  100 17470
-9 31 31 0  100 17529
0 31 31 100  0 17589
0 31 31 100  0 17648
0 31 28 100  0 17707
-11 31 30 0  100 17766
-6 31 30 -180  -180 17825
-6 31 30 -180  -180 17885
-6 31 30 -180  -180 17943
-6 31 30 -180  -180 18002
-6 31 31 -180  -180 18062
0 32 30 100  0 18121
-9 32 31 0  100 18181
-6 32 31 -180  -180 18240
-6 32 31 -180  -180 18299
-6 33 32 -180  -180 18359
-6 33 32 -180  -180 18419
-6 33 32 -180  -180 18479
-6 33 32 -180  -180 18538
-6 34 32 -180  -180 18597
-9 34 33 0  100 18658
-6 35 33 -180  -180 18718
-9 35 33 0  100 18778
-9 35 34 0  100 18838
-6 35 34 -180  -180 18898
-6 35 34 -180  -180 18958
-6 35 34 -180  -180 19018
-6 35 35 -180  -180 19079
0 35 35 100  0 19139
0 36 35 100  0 19198
-6 36 35 -180  -180 19259
-6 36 35 -180  -180 19319
-6 37 35 -180  -180 19380
-9 37 36 0  100 19441
-6 38 36 -180  -180 19502
-9 38 36 0  100 19562
-9 38 37 0  100 19623
-6 38 37 -180  -180 19684
-6 38 37 -180  -180 19744
-6 38 37 -180  -180 19806
-6 38 37 -180  -180 19866
-6 38 37 -180  -180 19928
-6 39 38 -180  -180 19988
-6 39 38 -180  -180 20049
-6 39 38 -180  -180 20110
-6 40 38 -180  -180 20171
-9 40 38 0  100 20233
-9 40 39 0  100 20294
-6 40 39 -180  -180 20356
-6 40 39 -180  -180 20417
-6 40 39 -180  -180 20477
-6 40 39 -180  -180 20539
-6 40 40 21601
Alineandose
40 40   -100  100 21662
Alineandose
40 40   -100  100 21723
Alineandose
40 40   -100  100 21784
Alineandose
40 40   -100  100 21846
Alineandose
40 39   -100  100 21907
Alineandose
39 40   100  -100 21968
Alineandose
39 40   100  -100 22029
Alineandose
39 40   100  -100 22090
Alineandose
39 40   100  -100 22152
Alineandose
40 40   100  -100 22212
Alineandose
40 40   -100  100 22274
Alineandose
41 40   -100  100 22335
Alineandose
41 40   -100  100 22396
Alineandose
41 40   -100  100 22458
Alineandose
41 40   -100  100 22519
Alineandose
40 40   -100  100 22581
Alineandose
40 40   -100  100 22642
Alineandose
40 40   100  -100 22703
Alineandose
39 40   100  -100 22764
Alineandose
39 40   100  -100 22825
Alineandose
40 40   100  -100 22887
Alineandose
39 40   100  -100 22947
Alineandose
40 40   -100  100 23009
Alineandose
40 40   -100  100 23070
Alineandose
41 40   -100  100 23132
Alineandose
40 40   -100  100 23193
Alineandose
41 40   -100  100 23255
Alineandose
40 40   -100  100 23315
Alineandose
39 40   100  -100 23376
Alineandose
39 40   100  -100 23438
Alineandose
39 40   100  -100 23499
Alineandose
39 40   100  -100 23560
Alineandose
39 40   100  -100 23621
Alineandose
40 40   -100  100 23683
Alineandose
40 40   -100  100 23744
Alineandose
40 40   -100  100 23805
Alineandose
40 40   -100  100 23866
Alineandose
40 40   -100  100 23927
Alineandose
40 40   100  -100 23989
Alineandose
39 40   100  -100 24050
Alineandose
40 40   100  -100 24111
Alineandose
40 40 24172
Esperando dato
Recibida la distancia 40
24223
0 40 40 0  100 24284
0 40 40 100  0 24345
0 40 40 100  0 24407
0 40 40 100  0 24468
0 41 40 100  0 24529
-6 41 40 25591
Alineandose
42 40   -100  100 25653
Alineandose
43 40   -100  100 25714
Alineandose
42 40   -100  100 25776
Alineandose
42 40   -100  100 25837
Alineandose
42 40   -100  100 25899
Alineandose
42 40   -100  100 25960
Alineandose
41 40   -100  100 26021
Alineandose
41 40   -100  100 26083
Alineandose
40 40   -100  100 26144
Alineandose
40 40   100  -100 26206
Alineandose
39 40   100  -100 26267
Alineandose
39 40   100  -100 26328
Alineandose
39 40   100  -100 26389
Alineandose
40 40   100  -100 26450
Alineandose
40 40   100  -100 26512
Alineandose
41 40   -100  100 26573
Alineandose
41 40   -100  100 26635
Alineandose
41 40   -100  100 26696
Alineandose
41 40   -100  100 26758
Alineandose
41 40   -100  100 26819
Alineandose
41 40   -100  100 26880
Alineandose
40 40   100  -100 26941
Alineandose
40 40   100  -100 27002
Alineandose
40 41   100  -100 27064
Alineandose
40 40   100  -100 27125
Alineandose
40 40 27187
Esperando dato
Recibida la distancia 40
27237
0 41 40 0  100 27298
-6 41 40 28360
Alineandose
41 40   -100  100 28422
Alineandose
41 40   -100  100 28483
Alineandose
41 40   -100  100 28544
Alineandose
41 41 28605
Esperando dato
Recibida la distancia 40
28656
0 40 38 0  100 28718
-9 41 40 0  100 28779
-6 40 40 29840
Alineandose
40 40   100  -100 29901
Alineandose
40 40 29963
Esperando dato
Recibida la distancia 40
30013
0 41 40 0  100 30074
-6 40 40 31136
Alineandose
40 40   100  -100 31198
Alineandose
40 41   100  -100 31259
Alineandose
40 41   100  -100 31320
Alineandose
41 40   -100  100 31381
Alineandose
41 40   -100  100 31442
Alineandose
41 41   -100  100 31505
Alineandose
41 40   -100  100 31566
Alineandose
41 40   -100  100 31628
Alineandose
40 40   100  -100 31688
Alineandose
40 40   100  -100 31750
Alineandose
40 40   100  -100 31811
Alineandose
40 40   100  -100 31873
Alineandose
41 41   100  -100 31934
Alineandose
41 40   -100  100 31995
Alineandose
41 41   -100  100 32057
Alineandose
41 41   -100  100 32118
Alineandose
41 40   -100  100 32180
Alineandose
41 40   -100  100 32241
Alineandose
40 41   100  -100 32303
Alineandose
40 41   100  -100 32364
Alineandose
40 40   100  -100 32425
Alineandose
40 41   100  -100 32486
Alineandose
40 40   100  -100 32547
Alineandose
41 40   -100  100 32609
Alineandose
41 40   -100  100 32670
Alineandose
42 41   -100  100 32732
Alineandose
41 40   -100  100 32793
Alineandose
41 40   -100  100 32855
Alineandose
41 40   -100  100 32916
Alineandose
41 41 32977
Esperando dato
Recibida la distancia 40
33029
0 40 40 0  100 33090
0 40 41 100  0 33152
6 40 40 34212
Alineandose
40 41   100  -100 34274
Alineandose
40 40   100  -100 34335
Alineandose
40 40 34396
Esperando dato
Recibida la distancia 40
34447
0 40 40 0  100 34508
0 41 40 100  0 34570
-6 40 41 -180  -180 34631
6 40 41 -180  -180 34693
6 40 39 -180  -180 34754
-6 41 41 -180  -180 34816
0 41 41 0  100 34877
0 41 40 0  100 34938
-6 41 41 -180  -180 35000
0 40 40 0  100 35061
0 40 40 100  0 35123
0 40 40 100  0 35184
0 40 41 100  0 35246
6 40 41 -180  -180 35307
6 41 40 36369
Alineandose
41 41   -100  100 36430
Alineandose
41 41   -100  100 36492